[MODEL]
RELATIVEPATH=1
INPUTFILE=mesh/brainScaled.obj
FIXEDVERTICESCOUNT=2
FIXEDVERTICES=(0, 1)
[SYSTEM]
GROUNDLEVEL=0.0
FORCECOEFF=1000000
LOGSQL=1
CELLSIZE=0.200000
[AVATAR]
POS=(1.705830, 0.166860, -0.176982)
THICKNESS=(0.755000, 0.109000, 0.499000)
RADIUS=1
[CAMERA]
ROLL=20932.771484
TILT=82.427208
ZOOM=5.510000
CENTER=(0.000000, 0.000000, 0.000000)
ORIGIN=(0.000000, 0.000000, 0.000000)
PAN=(0.440001, -1.080011)
