[MODEL]
RELATIVEPATH=1
INPUTFILE=blobtree/diskcube.blob
FIXEDVERTICESCOUNT=1
FIXEDVERTICES=(1)
[SYSTEM]
GROUNDLEVEL=0.0
FORCECOEFF=1000000
LOGSQL=1
CELLSIZE=0.300000
[AVATAR]
POS=(0.500000, 1.867853, -0.054982)
THICKNESS=(0.755000, 0.595000, 0.499000)
RADIUS=1
[CAMERA]
ROLL=20400.726562
TILT=63.426994
ZOOM=8.510000
CENTER=(0.000000, 0.000000, 0.000000)
ORIGIN=(0.000000, 0.000000, 0.000000)
PAN=(0.000001, -0.910011)
[DISPLAY]
AABB=1
AFFINEWIDGETS=1
GROUND=1
NORMALS=1
TETMESH=1
ISOSURF=0
