[MODEL]
RELATIVEPATH=1
BLOBFILE=blobtree/hpgtest1.blob
FIXEDVERTICESCOUNT=1
FIXEDVERTICES=(1)
[SYSTEM]
GROUNDLEVEL=0.0
FORCECOEFF=1000000
LOGSQL=1
CELLSIZE=0.200000
[AVATAR]
POS=(-0.058001, 1.755859, 0.085018)
THICKNESS=(0.473000, 1.413000, 0.499000)
RADIUS=1
[CAMERA]
ROLL=19648.765625
TILT=77.427055
ZOOM=5.010000
CENTER=(0.000000, 0.000000, 0.000000)
ORIGIN=(0.000000, 0.000000, 0.000000)
PAN=(0.480001, -0.990011)
