[MODEL]
RELATIVEPATH=1
BLOBFILE=blobtree/sphere.blob
FIXEDVERTICESCOUNT=4
FIXEDVERTICES=(1,5,10,15)
[SYSTEM]
GROUNDLEVEL=0.0
FORCECOEFF=1000000
LOGSQL=1
CELLSIZE=0.200000
[AVATAR]
POS=(-0.026001, 1.252846, 0.085018)
THICKNESS=(0.473000, 1.413000, 0.499000)
RADIUS=1
[CAMERA]
ROLL=20224.707031
TILT=67.427025
ZOOM=6.010000
CENTER=(0.000000, 0.000000, 0.000000)
ORIGIN=(0.000000, 0.000000, 0.000000)
PAN=(0.480001, -0.990011)
