[MODEL]
RELATIVEPATH=1
INPUTFILE=blobtree/tumor.blob
FIXEDVERTICESCOUNT=4
FIXEDVERTICES=(0, 3, 48, 51)
[SYSTEM]
GROUNDLEVEL=0.0
FORCECOEFF=200000
LOGSQL=1
CELLSIZE=0.190000
GRAVITY=0
[CAMERA]
<<<<<<< HEAD
ROLL=355.663605
TILT=78.572937
ZOOM=12.010002
=======
<<<<<<< HEAD
ROLL=197.663635
TILT=81.572884
ZOOM=28.010002
=======
ROLL=296.663788
TILT=62.572857
ZOOM=8.010002
>>>>>>> a882e86c9aac8c1d7a712aad9ab795e017abb539
>>>>>>> 880b81e539853723e9818c057032f22b9cef6c58
CENTER=(0.000000, 0.000000, 0.000000)
ORIGIN=(0.000000, 0.000000, 0.000000)
PAN=(0.000000, 0.000000)
[DISPLAY]
AABB=0
AFFINEWIDGETS=0
GROUND=0
NORMALS=0
TETMESH=2
ISOSURF=0
VOXELS=0
[AVATAR]
<<<<<<< HEAD
POS=(-0.765046, 3.584696, 0.201884)
THICKNESS=(0.574522, 1.829303, 0.640668)
AXIS=1
=======
POS=(-0.944365, 3.006800, -0.653271)
THICKNESS=(0.296558, 1.829303, 0.403773)
<<<<<<< HEAD
AXIS=3
=======
AXIS=0
>>>>>>> a882e86c9aac8c1d7a712aad9ab795e017abb539
>>>>>>> 880b81e539853723e9818c057032f22b9cef6c58
