[MODEL]
RELATIVEPATH=1
INPUTFILE=blobtree/tumor.blob
FIXEDVERTICESCOUNT=0
FIXEDVERTICES=()
[SYSTEM]
GROUNDLEVEL=0.0
FORCECOEFF=300000
LOGSQL=1
CELLSIZE=0.190000
GRAVITY=1
[CAMERA]
<<<<<<< HEAD
ROLL=197.663635
TILT=81.572884
ZOOM=28.010002
=======
ROLL=296.663788
TILT=62.572857
ZOOM=8.010002
>>>>>>> a882e86c9aac8c1d7a712aad9ab795e017abb539
CENTER=(0.000000, 0.000000, 0.000000)
ORIGIN=(0.000000, 0.000000, 0.000000)
PAN=(0.000000, 0.000000)
[DISPLAY]
AABB=0
AFFINEWIDGETS=0
GROUND=1
NORMALS=0
TETMESH=2
ISOSURF=0
VOXELS=0
[AVATAR]
POS=(-0.944365, 3.006800, -0.653271)
THICKNESS=(0.296558, 1.829303, 0.403773)
<<<<<<< HEAD
AXIS=3
=======
AXIS=0
>>>>>>> a882e86c9aac8c1d7a712aad9ab795e017abb539
