[MODEL]
RELATIVEPATH=1
INPUTFILE=blobtree/ventricle.blob
FIXEDVERTICESCOUNT=1
FIXEDVERTICES=(1)
[SYSTEM]
GROUNDLEVEL=0.0
FORCECOEFF=400000
LOGSQL=1
CELLSIZE=0.170000
[AVATAR]
POS=(0.310000, 2.981588, 1.056018)
THICKNESS=(0.578000, 1.535000, 0.485000)
RADIUS=1
[CAMERA]
ROLL=20100.685547
TILT=84.426994
ZOOM=9.010000
CENTER=(0.000000, 0.000000, 0.000000)
ORIGIN=(0.000000, 0.000000, 0.000000)
PAN=(0.020001, -1.480011)
[DISPLAY]
AABB=0
AFFINEWIDGETS=1
GROUND=0
NORMALS=0
TETMESH=1
ISOSURF=0
