[BLOBNODE 0]
IsOperator=1
AffineScale=(1.000000, 1.000000, 1.000000)
AffineRotate=(0.000000, 0.000000, 0.000000, 1.000000)
AffineTranslate=(0.000000, 0.000000, 0.000000)
OperatorType=BLEND
ChildrenCount=3
ChildrenIDsUseRange=1
ChildrenIDsRange=(1, 3)
[BLOBNODE 1]
IsOperator=0
AffineScale=(1.000000, 1.000000, 1.000000)
AffineRotate=(0.000000, 0.000000, 0.000000, 1.000000)
AffineTranslate=(0.991438, 0.497026, -0.083877)
MtrlAmbient=(0.300000, 0.000000, 0.000000, 1.000000)
MtrlDiffused=(0.600000, 0.000000, 0.000000, 1.000000)
MtrlSpecular=(0.800000, 0.600000, 0.600000, 1.000000)
MtrlShininess=32.000000
PrimitiveType=POINT
position=(0.000000, 0.000000, 0.000000)
[BLOBNODE 2]
IsOperator=0
AffineScale=(1.000000, 1.000000, 1.000000)
AffineRotate=(0.000000, 0.000000, 0.000000, 1.000000)
AffineTranslate=(-0.010706, 0.368125, 0.095444)
MtrlAmbient=(0.074510, 0.300000, 0.082353, 0.500000)
MtrlDiffused=(0.149020, 0.600000, 0.164706, 1.000000)
MtrlSpecular=(0.829804, 0.920000, 0.832941, 1.000000)
MtrlShininess=32.000000
PrimitiveType=POINT
position=(0.000000, 0.000000, 0.000000)
[BLOBNODE 3]
IsOperator=0
AffineScale=(1.000000, 1.000000, 1.000000)
AffineRotate=(0.000000, 0.000000, 0.000000, 1.000000)
AffineTranslate=(-1.055005, 0.377525, -0.014597)
MtrlAmbient=(0.049020, 0.094118, 0.300000, 0.500000)
MtrlDiffused=(0.098039, 0.188235, 0.600000, 1.000000)
MtrlSpecular=(0.819608, 0.837647, 0.920000, 1.000000)
MtrlShininess=32.000000
PrimitiveType=POINT
position=(0.000000, 0.000000, 0.000000)
[Global]
FileVersion=6
NumLayers=1
CurrentLayer=1
CountPrimitives=3
CountOperators=1
Depth=1
RootIDs=(0)
